
302
5811
1394
10000



502
7761
1862
15000



702
9669
2320
20000



910
14883
3571
25000



1110
16928
4062
30000



1310
19004
4560
35000



1510
21011
5042
40000



1710
22912
5498
45000



102
3679
882
5000



302
5805
1393
10000



510
10904
2616
15000



711
12746
3059
20000



910
14883
3571
25000



1110
16751
4020
30000



1310
19011
4562
35000



1510
21009
5042
40000



1710
23074
5537
45000



102
3512
842
5000



302
5803
1392
10000



502
7764
1863
15000



702
9631
2311
20000



902
11853
2844
25000



1110
17052
4092
30000



1310
19132
4591
35000



1510
21160
5078
40000



1710
23038
5529
45000



102
3998
959
5000



303
6195
1486
10000



502
8070
1936
15000



703
10310
2474
20000



911
15567
3736
25000



1111
17431
4183
30000



1311
19486
4676
35000



1511
21533
5167
40000



1711
23595
5662
45000



102
3956
949
5000



303
6395
1534
10000



503
8454
2028
15000



703
10513
2523
20000



903
12560
3014
25000



1111
17830
4279
30000



1311
19874
4769
35000



1511
21912
5258
40000



1711
23971
5753
45000



0
999
599
5000



100
1638
982
10000



203
3678
2206
15000



201
3286
1971
20000



304
5332
3199
25000



404
6167
3700
30000



504
7168
4300
35000



603
8192
4915
40000



605
9216
5529
45000



0
893
535
5000



103
2958
1774
10000



200
2597
1558
15000



202
4612
2767
20000



305
5334
3200
25000



404
6166
3699
30000



503
6979
4187
35000



603
8192
4915
40000



605
9216
5529
45000



0
889
533
5000



100
1762
1057
10000



200
2790
1674
15000



201
3284
1970
20000



300
4008
2404
25000



404
6153
3691
30000



503
7168
4300
35000



603
8153
4891
40000



605
9216
5529
45000



0
986
591
5000



101
2083
1249
10000



204
4391
2634
15000



201
3410
2046
20000



305
5483
3289
25000



404
6443
3865
30000



504
7468
4480
35000



603
8494
5096
40000



605
9216
5529
45000



1
1165
699
5000



101
2273
1363
10000



201
3229
1937
15000



201
3414
2048
20000



304
5538
3322
25000



404
6636
3981
30000



504
7603
4561
35000



604
8682
5209
40000



605
9216
5529
45000



0
150
144
5000



0
682
654
10000



102
3071
2948
15000



103
2454
2355
20000



201
3072
2949
25000



203
4095
3931
30000



301
4095
3931
35000



303
5120
4915
40000



401
5120
4915
45000



0
151
144
5000



0
639
613
10000



101
2047
1965
15000



103
2461
2362
20000



201
3072
2949
25000



203
3419
3282
30000



301
4096
3932
35000



303
5119
4914
40000



401
5120
4915
45000



0
171
164
5000



0
681
653
10000



101
2060
1977
15000



100
1669
1602
20000



202
3110
2985
25000



203
3481
3341
30000



301
4095
3931
35000



303
5119
4914
40000



402
5161
4954
45000



0
485
465
5000



0
785
753
10000



100
1566
1503
15000



103
2551
2448
20000



202
3394
3258
25000



203
3556
3413
30000



302
4421
4244
35000



303
4586
4402
40000



402
5446
5228
45000



0
679
651
5000



0
763
732
10000



100
1759
1688
15000



102
3413
3276
20000



202
3610
3465
25000



203
4095
3931
30000



302
4612
4427
35000



303
5120
4915
40000



402
5643
5417
45000



0
0
0
5000



0
267
352
10000



101
2047
2702
15000



100
1563
2063
20000



100
1943
2564
25000



200
2361
3116
30000



200
2673
3528
35000



202
3071
4053
40000



300
3418
4511
45000



0
0
0
5000



0
268
353
10000



100
1521
2007
15000



100
1565
2065
20000



102
2548
3363
25000



200
2548
3363
30000



200
2680
3537
35000



201
3071
4053
40000



301
4095
5405
45000



0
65
85
5000



0
266
351
10000



100
1714
2262
15000



100
1715
2263
20000



102
2047
2702
25000



200
2740
3616
30000



200
2742
3619
35000



202
3071
4053
40000



301
4095
5405
45000



0
317
418
5000



0
356
469
10000



100
1970
2600
15000



100
1941
2562
20000



100
1404
1853
25000



200
3004
3965
30000



201
3071
4053
35000



202
3079
4064
40000



300
4026
5314
45000



0
526
694
5000



0
551
727
10000



101
2166
2859
15000



101
2172
2867
20000



102
3608
4762
25000



201
3192
4213
30000



201
3197
4220
35000



202
3198
4221
40000



302
4187
5526
45000



0
0
0
5000



0
3
5
10000



2
1023
1718
15000



100
1074
1804
20000



100
1296
2177
25000



101
2047
3438
30000



102
2047
3438
35000



200
2173
3650
40000



200
2469
4147
45000



0
0
0
5000



0
0
0
10000



0
284
477
15000



100
1265
2125
20000



101
2047
3438
25000



101
2047
3438
30000



102
2236
3756
35000



200
2292
3850
40000



200
2465
4141
45000



0
0
0
5000



0
0
0
10000



0
271
455
15000



100
1461
2454
20000



100
1459
2451
25000



102
2047
3438
30000



102
2047
3438
35000



200
2489
4181
40000



201
3071
5159
45000



0
181
304
5000



0
480
806
10000



0
318
534
15000



100
1702
2859
20000



100
1703
2861
25000



101
2231
3748
30000



101
2047
3438
35000



200
2729
4584
40000



201
3071
5159
45000



0
359
603
5000



0
404
678
10000



0
381
640
15000



100
1898
3188
20000



100
1897
3186
25000



101
2047
3438
30000



101
2047
3438
35000



200
2926
4915
40000



201
3071
5159
45000



58
2135
512
600



65
3170
760
600



57
1806
433
600



59
1147
275
600



71
2092
502
750



61
2155
517
600



70
1147
275
700



78
1147
275
800



94
3130
751
900



0
231
55
400



0
233
55
400



0
239
57
450



0
228
54
400



0
240
57
500



0
242
58
600



8
3212
770
350



0
232
55
400



0
242
58
450



0
229
54
400



0
229
54
400



0
235
56
450



0
234
56
400



0
239
57
500



8
3188
765
600



0
236
56
350



0
239
57
400



0
234
56
450



0
216
51
400



0
220
52
400



3
3160
758
450



0
232
55
400



0
219
52
500



0
229
54
600



0
220
52
350



0
220
52
400



0
224
53
450



67
4238
1017
600



55
2228
534
600



59
1235
296
600



58
2237
536
600



70
1710
410
750



63
2203
528
600



82
4764
1143
700



76
1236
296
800



91
1238
297
900



0
91
54
1050



0
93
55
1000



3
1097
658
1050



0
93
55
1000



0
95
57
1000



0
94
56
1200



3
1105
663
1050



0
95
57
1200



0
93
55
1350



0
101
60
1050



0
94
56
1000



0
93
55
1050



0
93
55
1000



0
92
55
1000



0
93
55
1200



1
1293
775
1050



0
91
54
1200



0
94
56
1350



0
93
55
1050



3
1091
654
1000



0
93
55
1050



0
94
56
1000



0
91
54
1000



3
1074
644
1200



0
91
54
1050



0
94
56
1200



1
1138
682
1350



3
1087
652
1050



0
102
61
1000



0
94
56
1050



0
95
57
1000



0
93
55
1000



0
93
55
1200



3
1092
655
1050



0
91
54
1200



0
94
56
1350



0
87
52
1050



4
2110
1266
1000



0
86
51
1050



0
86
51
1000



0
87
52
1000



0
87
52
1200



3
1733
1039
1050



0
86
51
1200



0
85
51
1350



2
1038
996
1700



0
59
56
1700



0
59
56
1650



2
1071
1028
1600



0
58
55
1750



0
58
55
1800



1
1072
1029
1750



0
58
55
1600



0
57
54
1800



2
1049
1007
1700



0
58
55
1700



0
56
53
1650



1
1059
1016
1600



0
58
55
1750



0
57
54
1800



1
1083
1039
1750



0
56
53
1600



1
1082
1038
1800



0
56
53
1700



0
58
55
1700



2
1032
990
1650



0
57
54
1600



0
58
55
1750



1
1081
1037
1800



0
58
55
1750



0
58
55
1600



0
57
54
1800



0
57
54
1700



1
1071
1028
1700



0
59
56
1650



0
59
56
1600



2
1064
1021
1750



0
57
54
1800



0
57
54
1750



0
814
781
1600



0
60
57
1800



0
58
55
1700



1
1057
1014
1700



0
56
53
1650



0
736
706
1600



0
57
54
1750



1
1034
992
1800



0
58
55
1750



0
57
54
1600



0
57
54
1800



2
1052
1388
2350



0
43
56
2300



0
127
167
2250



0
37
48
2400



0
31
40
2250



0
35
46
2400



0
43
56
2450



0
42
55
2400



0
41
54
2250



0
257
339
2350



0
30
39
2300



0
715
943
2250



0
36
47
2400



1
1036
1367
2250



0
31
40
2400



1
1044
1378
2450



0
208
274
2400



0
42
55
2250



1
1053
1389
2350



0
31
40
2300



0
380
501
2250



0
30
39
2200



0
47
62
2250



0
430
567
2400



0
43
56
2450



0
307
405
2400



0
42
55
2250



1
1054
1391
2400



0
29
38
2300



0
529
698
2250



0
31
40
2400



0
42
55
2250



0
329
434
2400



0
42
55
2450



1
1061
1400
2400



0
42
55
2250



0
29
38
2350



0
41
54
2300



0
343
452
2250



0
42
55
2400



0
42
55
2250



1
1044
1378
2400



0
42
55
2450



2
1042
1375
2400



0
31
40
2250



0
316
530
2950



0
33
55
3000



1
1049
1762
3000



0
32
53
3000



0
32
53
3000



0
33
55
3000



0
457
767
2800



0
32
53
2800



1
1027
1725
3150



0
33
55
3050



0
529
888
2900



0
32
53
3000



1
1044
1753
3000



0
300
504
3000



0
32
53
3000



0
622
1044
2800



0
32
53
2800



0
40
67
3150



0
32
53
3050



0
362
608
2900



0
33
55
3000



0
258
433
3000



0
32
53
3000



0
450
756
3000



0
33
55
2800



0
42
70
2800



0
32
53
3150



0
33
55
3000



0
32
53
3000



0
32
53
2850



0
33
55
3000



1
1037
1742
3000



0
363
609
3000



0
32
53
2800



0
374
628
2800



0
32
53
3150



0
36
60
3000



0
33
55
3000



1
1042
1750
3000



0
32
53
3000



1
1048
1760
3000



0
33
55
3000



0
33
55
2800



0
452
759
2800



0
33
55
3150



21
2127
510
300



23
2176
522
300



28
4151
996
300



32
2171
521
400



39
2179
522
500



26
2174
521
300



24
1163
279
350



29
2174
521
400



45
4219
1012
450



0
179
42
150



0
176
42
200



0
176
42
150



0
177
42
200



8
3182
763
250



0
179
42
300



0
179
42
350



8
3212
770
400



0
177
42
450



0
184
44
100



0
178
42
100



8
3262
782
150



0
184
44
200



0
177
42
250



0
185
44
300



8
3225
774
350



0
182
43
400



8
3255
781
450



0
175
42
150



0
179
42
200



0
172
41
150



0
163
39
200



8
3198
767
250



0
172
41
300



0
177
42
350



8
3219
772
400



0
209
50
450



24
2166
519
300



26
2157
517
300



24
2170
520
300



37
4200
1008
400



16
2155
517
250



32
2163
519
300



27
2157
517
350



33
2161
518
400



37
2173
521
450



4
2070
1242
800



0
61
36
800



0
64
38
750



0
60
36
800



3
1972
1183
750



0
64
38
900



0
64
38
1050



0
64
38
800



3
1086
651
900



0
69
41
800



0
58
34
800



0
63
37
750



3
1073
643
800



0
61
36
750



0
57
34
900



0
62
37
1050



3
1080
648
800



0
64
38
900



0
70
42
800



0
70
42
800



3
1217
730
750



0
69
41
800



0
70
42
750



0
69
41
900



3
1089
653
1050



1
1070
642
800



0
70
42
900



0
64
38
800



0
64
38
800



3
1259
755
750



0
63
37
800



0
64
38
750



0
64
38
900



3
1094
656
1050



0
73
43
800



0
66
39
900



0
65
39
800



3
1066
639
800



0
64
38
750



0
64
38
800



0
68
40
750



3
1061
636
900



0
70
42
1050



0
64
38
800



0
65
39
900



1
1048
1006
1450



0
38
36
1400



0
38
36
1500



1
1050
1008
1400



0
36
34
1500



0
42
40
1500



2
1054
1011
1400



0
36
34
1600



0
38
36
1350



1
1049
1007
1450



0
39
37
1400



0
58
55
1500



1
1052
1009
1400



0
36
34
1500



0
37
35
1500



1
1055
1012
1400



0
40
38
1600



0
46
44
1350



1
1028
986
1450



0
43
41
1400



0
43
41
1500



0
43
41
1400



0
43
41
1500



0
481
461
1500



0
43
41
1400



0
43
41
1600



1
1055
1012
1350



0
43
41
1450



0
43
41
1400



0
953
914
1350



0
43
41
1400



0
43
41
1500



1
1053
1010
1500



0
43
41
1400



0
43
41
1600



2
1050
1008
1350



0
40
38
1450



0
41
39
1400



2
1047
1005
1500



0
40
38
1400



0
42
40
1500



1
1045
1003
1500



0
43
41
1400



0
40
38
1600



2
1057
1014
1350



0
31
40
2100



0
31
40
2100



0
29
38
2100



1
1046
1380
2000



0
31
40
2000



0
31
40
2100



0
44
58
2100



0
31
40
2000



2
1042
1375
2250



0
29
38
2100



0
145
191
2000



0
30
39
2100



0
236
311
2000



0
31
40
2000



0
31
40
2100



0
318
419
2100



0
31
40
2000



0
216
285
2250



0
31
40
2150



0
268
353
2100



0
21
27
2100



0
179
236
2000



0
31
40
2000



0
29
38
2100



0
31
40
2100



0
29
38
2000



0
492
649
2250



0
29
38
2100



1
1045
1379
2100



0
28
36
2100



0
408
538
2000



0
31
40
2000



0
29
38
2100



0
508
670
2100



0
29
38
2000



0
492
649
2250



0
29
38
2100



1
1031
1360
2100



0
31
40
2100



2
1035
1366
2000



0
28
36
2000



0
28
36
2100



0
486
641
2100



0
29
38
2000



0
30
39
2250



0
23
38
2750



0
23
38
2700



0
23
38
2700



0
498
836
2600



2
1041
1748
2750



0
23
38
2700



1
1039
1745
2800



0
22
36
2800



1
1039
1745
2700



0
23
38
2800



0
269
451
2700



0
24
40
2700



1
1036
1740
2800



0
298
500
2750



0
24
40
2700



0
169
283
2800



0
24
40
2800



0
314
527
2700



0
24
40
2750



0
330
554
2700



0
24
40
2700



0
133
223
2600



0
24
40
2750



0
24
40
2700



0
24
40
2800



0
201
337
2800



0
25
42
2700



0
290
487
2750



0
21
35
2700



0
386
648
2700



0
23
38
2600



0
369
619
2750



0
22
36
2700



0
252
423
2800



0
418
702
2800



0
22
36
2700



1
1041
1748
2750



0
24
40
2700



1
1043
1752
2700



0
24
40
2600



0
366
614
2750



0
25
42
2700



0
24
40
2800



0
24
40
2800



1
1027
1725
2700



302
5811
1394
10000



502
7761
1862
15000



702
9669
2320
20000



910
14883
3571
25000



1110
16928
4062
30000



1310
19004
4560
35000



1510
21011
5042
40000



1710
22912
5498
45000



102
3679
882
5000



302
5805
1393
10000



510
10904
2616
15000



711
12746
3059
20000



910
14883
3571
25000



1110
16751
4020
30000



1310
19011
4562
35000



1510
21009
5042
40000



1710
23074
5537
45000



102
3512
842
5000



302
5803
1392
10000



502
7764
1863
15000



702
9631
2311
20000



902
11853
2844
25000



1110
17052
4092
30000



1310
19132
4591
35000



1510
21160
5078
40000



1710
23038
5529
45000



102
3998
959
5000



303
6195
1486
10000



502
8070
1936
15000



703
10310
2474
20000



911
15567
3736
25000



1111
17431
4183
30000



1311
19486
4676
35000



1511
21533
5167
40000



1711
23595
5662
45000



102
3956
949
5000



303
6395
1534
10000



503
8454
2028
15000



703
10513
2523
20000



903
12560
3014
25000



1111
17830
4279
30000



1311
19874
4769
35000



1511
21912
5258
40000



1711
23971
5753
45000



0
999
599
5000



100
1638
982
10000



203
3678
2206
15000



201
3286
1971
20000



304
5332
3199
25000



404
6167
3700
30000



504
7168
4300
35000



603
8192
4915
40000



605
9216
5529
45000



0
893
535
5000



103
2958
1774
10000



200
2597
1558
15000



202
4612
2767
20000



305
5334
3200
25000



404
6166
3699
30000



503
6979
4187
35000



603
8192
4915
40000



605
9216
5529
45000



0
889
533
5000



100
1762
1057
10000



200
2790
1674
15000



201
3284
1970
20000



300
4008
2404
25000



404
6153
3691
30000



503
7168
4300
35000



603
8153
4891
40000



605
9216
5529
45000



0
986
591
5000



101
2083
1249
10000



204
4391
2634
15000



201
3410
2046
20000



305
5483
3289
25000



404
6443
3865
30000



504
7468
4480
35000



603
8494
5096
40000



605
9216
5529
45000



1
1165
699
5000



101
2273
1363
10000



201
3229
1937
15000



201
3414
2048
20000



304
5538
3322
25000



404
6636
3981
30000



504
7603
4561
35000



604
8682
5209
40000



605
9216
5529
45000



0
150
144
5000



0
682
654
10000



102
3071
2948
15000



103
2454
2355
20000



201
3072
2949
25000



203
4095
3931
30000



301
4095
3931
35000



303
5120
4915
40000



401
5120
4915
45000



0
151
144
5000



0
639
613
10000



101
2047
1965
15000



103
2461
2362
20000



201
3072
2949
25000



203
3419
3282
30000



301
4096
3932
35000



303
5119
4914
40000



401
5120
4915
45000



0
171
164
5000



0
681
653
10000



101
2060
1977
15000



100
1669
1602
20000



202
3110
2985
25000



203
3481
3341
30000



301
4095
3931
35000



303
5119
4914
40000



402
5161
4954
45000



0
485
465
5000



0
785
753
10000



100
1566
1503
15000



103
2551
2448
20000



202
3394
3258
25000



203
3556
3413
30000



302
4421
4244
35000



303
4586
4402
40000



402
5446
5228
45000



0
679
651
5000



0
763
732
10000



100
1759
1688
15000



102
3413
3276
20000



202
3610
3465
25000



203
4095
3931
30000



302
4612
4427
35000



303
5120
4915
40000



402
5643
5417
45000



0
0
0
5000



0
267
352
10000



101
2047
2702
15000



100
1563
2063
20000



100
1943
2564
25000



200
2361
3116
30000



200
2673
3528
35000



202
3071
4053
40000



300
3418
4511
45000



0
0
0
5000



0
268
353
10000



100
1521
2007
15000



100
1565
2065
20000



102
2548
3363
25000



200
2548
3363
30000



200
2680
3537
35000



201
3071
4053
40000



301
4095
5405
45000



0
65
85
5000



0
266
351
10000



100
1714
2262
15000



100
1715
2263
20000



102
2047
2702
25000



200
2740
3616
30000



200
2742
3619
35000



202
3071
4053
40000



301
4095
5405
45000



0
317
418
5000



0
356
469
10000



100
1970
2600
15000



100
1941
2562
20000



100
1404
1853
25000



200
3004
3965
30000



201
3071
4053
35000



202
3079
4064
40000



300
4026
5314
45000



0
526
694
5000



0
551
727
10000



101
2166
2859
15000



101
2172
2867
20000



102
3608
4762
25000



201
3192
4213
30000



201
3197
4220
35000



202
3198
4221
40000



302
4187
5526
45000



0
0
0
5000



0
3
5
10000



2
1023
1718
15000



100
1074
1804
20000



100
1296
2177
25000



101
2047
3438
30000



102
2047
3438
35000



200
2173
3650
40000



200
2469
4147
45000



0
0
0
5000



0
0
0
10000



0
284
477
15000



100
1265
2125
20000



101
2047
3438
25000



101
2047
3438
30000



102
2236
3756
35000



200
2292
3850
40000



200
2465
4141
45000



0
0
0
5000



0
0
0
10000



0
271
455
15000



100
1461
2454
20000



100
1459
2451
25000



102
2047
3438
30000



102
2047
3438
35000



200
2489
4181
40000



201
3071
5159
45000



0
181
304
5000



0
480
806
10000



0
318
534
15000



100
1702
2859
20000



100
1703
2861
25000



101
2231
3748
30000



101
2047
3438
35000



200
2729
4584
40000



201
3071
5159
45000



0
359
603
5000



0
404
678
10000



0
381
640
15000



100
1898
3188
20000



100
1897
3186
25000



101
2047
3438
30000



101
2047
3438
35000



200
2926
4915
40000



201
3071
5159
45000



58
2135
512
600



65
3170
760
600



57
1806
433
600



59
1147
275
600



71
2092
502
750



61
2155
517
600



70
1147
275
700



78
1147
275
800



94
3130
751
900



0
231
55
400



0
233
55
400



0
239
57
450



0
228
54
400



0
240
57
500



0
242
58
600



8
3212
770
350



0
232
55
400



0
242
58
450



0
229
54
400



0
229
54
400



0
235
56
450



0
234
56
400



0
239
57
500



8
3188
765
600



0
236
56
350



0
239
57
400



0
234
56
450



0
216
51
400



0
220
52
400



3
3160
758
450



0
232
55
400



0
219
52
500



0
229
54
600



0
220
52
350



0
220
52
400



0
224
53
450



67
4238
1017
600



55
2228
534
600



59
1235
296
600



58
2237
536
600



70
1710
410
750



63
2203
528
600



82
4764
1143
700



76
1236
296
800



91
1238
297
900



0
91
54
1050



0
93
55
1000



3
1097
658
1050



0
93
55
1000



0
95
57
1000



0
94
56
1200



3
1105
663
1050



0
95
57
1200



0
93
55
1350



0
101
60
1050



0
94
56
1000



0
93
55
1050



0
93
55
1000



0
92
55
1000



0
93
55
1200



1
1293
775
1050



0
91
54
1200



0
94
56
1350



0
93
55
1050



3
1091
654
1000



0
93
55
1050



0
94
56
1000



0
91
54
1000



3
1074
644
1200



0
91
54
1050



0
94
56
1200



1
1138
682
1350



3
1087
652
1050



0
102
61
1000



0
94
56
1050



0
95
57
1000



0
93
55
1000



0
93
55
1200



3
1092
655
1050



0
91
54
1200



0
94
56
1350



0
87
52
1050



4
2110
1266
1000



0
86
51
1050



0
86
51
1000



0
87
52
1000



0
87
52
1200



3
1733
1039
1050



0
86
51
1200



0
85
51
1350



2
1038
996
1700



0
59
56
1700



0
59
56
1650



2
1071
1028
1600



0
58
55
1750



0
58
55
1800



1
1072
1029
1750



0
58
55
1600



0
57
54
1800



2
1049
1007
1700



0
58
55
1700



0
56
53
1650



1
1059
1016
1600



0
58
55
1750



0
57
54
1800



1
1083
1039
1750



0
56
53
1600



1
1082
1038
1800



0
56
53
1700



0
58
55
1700



2
1032
990
1650



0
57
54
1600



0
58
55
1750



1
1081
1037
1800



0
58
55
1750



0
58
55
1600



0
57
54
1800



0
57
54
1700



1
1071
1028
1700



0
59
56
1650



0
59
56
1600



2
1064
1021
1750



0
57
54
1800



0
57
54
1750



0
814
781
1600



0
60
57
1800



0
58
55
1700



1
1057
1014
1700



0
56
53
1650



0
736
706
1600



0
57
54
1750



1
1034
992
1800



0
58
55
1750



0
57
54
1600



0
57
54
1800



2
1052
1388
2350



0
43
56
2300



0
127
167
2250



0
37
48
2400



0
31
40
2250



0
35
46
2400



0
43
56
2450



0
42
55
2400



0
41
54
2250



0
257
339
2350



0
30
39
2300



0
715
943
2250



0
36
47
2400



1
1036
1367
2250



0
31
40
2400



1
1044
1378
2450



0
208
274
2400



0
42
55
2250



1
1053
1389
2350



0
31
40
2300



0
380
501
2250



0
30
39
2200



0
47
62
2250



0
430
567
2400



0
43
56
2450



0
307
405
2400



0
42
55
2250



1
1054
1391
2400



0
29
38
2300



0
529
698
2250



0
31
40
2400



0
42
55
2250



0
329
434
2400



0
42
55
2450



1
1061
1400
2400



0
42
55
2250



0
29
38
2350



0
41
54
2300



0
343
452
2250



0
42
55
2400



0
42
55
2250



1
1044
1378
2400



0
42
55
2450



2
1042
1375
2400



0
31
40
2250



0
316
530
2950



0
33
55
3000



1
1049
1762
3000



0
32
53
3000



0
32
53
3000



0
33
55
3000



0
457
767
2800



0
32
53
2800



1
1027
1725
3150



0
33
55
3050



0
529
888
2900



0
32
53
3000



1
1044
1753
3000



0
300
504
3000



0
32
53
3000



0
622
1044
2800



0
32
53
2800



0
40
67
3150



0
32
53
3050



0
362
608
2900



0
33
55
3000



0
258
433
3000



0
32
53
3000



0
450
756
3000



0
33
55
2800



0
42
70
2800



0
32
53
3150



0
33
55
3000



0
32
53
3000



0
32
53
2850



0
33
55
3000



1
1037
1742
3000



0
363
609
3000



0
32
53
2800



0
374
628
2800



0
32
53
3150



0
36
60
3000



0
33
55
3000



1
1042
1750
3000



0
32
53
3000



1
1048
1760
3000



0
33
55
3000



0
33
55
2800



0
452
759
2800



0
33
55
3150



21
2127
510
300



23
2176
522
300



28
4151
996
300



32
2171
521
400



39
2179
522
500



26
2174
521
300



24
1163
279
350



29
2174
521
400



45
4219
1012
450



0
179
42
150



0
176
42
200



0
176
42
150



0
177
42
200



8
3182
763
250



0
179
42
300



0
179
42
350



8
3212
770
400



0
177
42
450



0
184
44
100



0
178
42
100



8
3262
782
150



0
184
44
200



0
177
42
250



0
185
44
300



8
3225
774
350



0
182
43
400



8
3255
781
450



0
175
42
150



0
179
42
200



0
172
41
150



0
163
39
200



8
3198
767
250



0
172
41
300



0
177
42
350



8
3219
772
400



0
209
50
450



24
2166
519
300



26
2157
517
300



24
2170
520
300



37
4200
1008
400



16
2155
517
250



32
2163
519
300



27
2157
517
350



33
2161
518
400



37
2173
521
450



4
2070
1242
800



0
61
36
800



0
64
38
750



0
60
36
800



3
1972
1183
750



0
64
38
900



0
64
38
1050



0
64
38
800



3
1086
651
900



0
69
41
800



0
58
34
800



0
63
37
750



3
1073
643
800



0
61
36
750



0
57
34
900



0
62
37
1050



3
1080
648
800



0
64
38
900



0
70
42
800



0
70
42
800



3
1217
730
750



0
69
41
800



0
70
42
750



0
69
41
900



3
1089
653
1050



1
1070
642
800



0
70
42
900



0
64
38
800



0
64
38
800



3
1259
755
750



0
63
37
800



0
64
38
750



0
64
38
900



3
1094
656
1050



0
73
43
800



0
66
39
900



0
65
39
800



3
1066
639
800



0
64
38
750



0
64
38
800



0
68
40
750



3
1061
636
900



0
70
42
1050



0
64
38
800



0
65
39
900



1
1048
1006
1450



0
38
36
1400



0
38
36
1500



1
1050
1008
1400



0
36
34
1500



0
42
40
1500



2
1054
1011
1400



0
36
34
1600



0
38
36
1350



1
1049
1007
1450



0
39
37
1400



0
58
55
1500



1
1052
1009
1400



0
36
34
1500



0
37
35
1500



1
1055
1012
1400



0
40
38
1600



0
46
44
1350



1
1028
986
1450



0
43
41
1400



0
43
41
1500



0
43
41
1400



0
43
41
1500



0
481
461
1500



0
43
41
1400



0
43
41
1600



1
1055
1012
1350



0
43
41
1450



0
43
41
1400



0
953
914
1350



0
43
41
1400



0
43
41
1500



1
1053
1010
1500



0
43
41
1400



0
43
41
1600



2
1050
1008
1350



0
40
38
1450



0
41
39
1400



2
1047
1005
1500



0
40
38
1400



0
42
40
1500



1
1045
1003
1500



0
43
41
1400



0
40
38
1600



2
1057
1014
1350



0
31
40
2100



0
31
40
2100



0
29
38
2100



1
1046
1380
2000



0
31
40
2000



0
31
40
2100



0
44
58
2100



0
31
40
2000



2
1042
1375
2250



0
29
38
2100



0
145
191
2000



0
30
39
2100



0
236
311
2000



0
31
40
2000



0
31
40
2100



0
318
419
2100



0
31
40
2000



0
216
285
2250



0
31
40
2150



0
268
353
2100



0
21
27
2100



0
179
236
2000



0
31
40
2000



0
29
38
2100



0
31
40
2100



0
29
38
2000



0
492
649
2250



0
29
38
2100



1
1045
1379
2100



0
28
36
2100



0
408
538
2000



0
31
40
2000



0
29
38
2100



0
508
670
2100



0
29
38
2000



0
492
649
2250



0
29
38
2100



1
1031
1360
2100



0
31
40
2100



2
1035
1366
2000



0
28
36
2000



0
28
36
2100



0
486
641
2100



0
29
38
2000



0
30
39
2250



0
23
38
2750



0
23
38
2700



0
23
38
2700



0
498
836
2600



2
1041
1748
2750



0
23
38
2700



1
1039
1745
2800



0
22
36
2800



1
1039
1745
2700



0
23
38
2800



0
269
451
2700



0
24
40
2700



1
1036
1740
2800



0
298
500
2750



0
24
40
2700



0
169
283
2800



0
24
40
2800



0
314
527
2700



0
24
40
2750



0
330
554
2700



0
24
40
2700



0
133
223
2600



0
24
40
2750



0
24
40
2700



0
24
40
2800



0
201
337
2800



0
25
42
2700



0
290
487
2750



0
21
35
2700



0
386
648
2700



0
23
38
2600



0
369
619
2750



0
22
36
2700



0
252
423
2800



0
418
702
2800



0
22
36
2700



1
1041
1748
2750



0
24
40
2700



1
1043
1752
2700



0
24
40
2600



0
366
614
2750



0
25
42
2700



0
24
40
2800



0
24
40
2800



1
1027
1725
2700

